Part_Texture_0,                         4096,   2048,   0.01302083
Part_Pig_0_0,                           1524,   1966,   95,     81,     1,      5,      0.4,    0.4
Part_Pig_0_1,                           2903,   951,    87,     50,     1,      -2,     0.4,    0.4
Part_Pig_0_2,                           164,    241,    75,     8,      -5,     2,      0.4,    0.4
Part_Pig_0_3,                           2186,   1821,   53,     26,     1,      1,      0.4,    0.4
Part_Pig_1_0,                           1048,   1516,   57,     41,     0,      0,      0.4,    0.4
Part_Pig_1_1,                           1785,   203,    99,     34,     0,      0,      0.4,    0.4
Part_Pig_2_0,                           2794,   1134,   107,    50,     1,      0,      0.4,    0.4
Part_Pig_2_1,                           410,    1107,   64,     21,     0,      0,      0.4,    0.4
Part_Pig_3_0,                           740,    1521,   47,     39,     2,      0,      0.4,    0.4
Part_Pig_3_1,                           1986,   203,    61,     34,     0,      0,      0.3,    0.3
Part_Pig_4_0,                           2640,   1449,   111,    51,     -1,     1,      0.4,    0.4
Part_Pig_5_0,                           1959,   929,    126,    90,     0,      0,      0.4,    0.4
Part_Pig_6_0,                           2444,   733,    98,     47,     -7,     0,      0.4,    0.4
Part_Pig_6_1,                           395,    241,    73,     8,      2,      0,      0.4,    0.4
Part_Pig_6_2,                           789,    1521,   46,     39,     2,      2,      0.4,    0.4
Part_Pig_6_3,                           884,    373,    78,     83,     1,      0,      0.4,    0.4
Part_Pig_7_0,                           1621,   1965,   95,     81,     0,      1,      0.4,    0.4
Part_Pig_7_1,                           2594,   722,    95,     58,     0,      1,      0.4,    0.4
Part_Pig_7_2,                           320,    2034,   77,     13,     1,      1,      0.4,    0.4
Part_Pig_7_3,                           2241,   1821,   53,     26,     1,      -1,     0.4,    0.4
Part_Pig_7_4,                           1621,   1965,   95,     81,     0,      5,      0.4,    0.4
Part_Pig_7_5,                           2241,   1821,   53,     26,     1,      3,      0.4,    0.4
Part_Pig_7_6,                           2746,   781,    95,     57,     0,      6,      0.4,    0.4
Part_Pig_8_0,                           1056,   560,    95,     81,     1,      1,      0.4,    0.4
Part_Pig_8_1,                           2098,   1823,   86,     28,     0,      1,      0.4,    0.4
Part_Pig_8_2,                           304,    1107,   53,     25,     0,      0,      0.4,    0.4
Part_Pig_9_0,                           1185,   1329,   96,     82,     0,      2,      0.4,    0.4
Part_Pig_9_1,                           523,    1373,   109,    39,     -2,     1,      0.4,    0.4
Part_Pig_9_2,                           214,    1266,   74,     7,      2,      2,      0.4,    0.4
Part_Pig_9_3,                           2008,   1824,   57,     29,     0,      0,      0.4,    0.4
Part_Pig_9_4,                           633,    1084,   15,     44,     1,      0,      0.4,    0.4
Part_Pig_9_5,                           409,    203,    44,     35,     2,      1,      0.4,    0.4
Part_Pig_10_0,                          1153,   560,    95,     81,     1,      7,      0.4,    0.4
Part_Pig_10_1,                          2865,   1010,   87,     50,     1,      1,      0.4,    0.4
Part_Pig_10_2,                          1692,   203,    52,     37,     0,      1,      0.4,    0.4
Part_Pig_10_3,                          1153,   560,    95,     81,     1,      1,      0.4,    0.4
Part_Pig_11_0,                          540,    866,    37,     108,    0,      0,      0.4,    0.4
Part_Pig_11_1,                          162,    1805,   147,    116,    0,      0,      0.4,    0.4
Part_Pig_11_2,                          1886,   203,    98,     34,     0,      0,      0.4,    0.4
Part_Pig_12_0,                          1250,   559,    95,     81,     1,      7,      0.4,    0.4
Part_Pig_12_1,                          2672,   1230,   87,     55,     0,      2,      0.4,    0.4
Part_Pig_12_2,                          722,    203,    127,    45,     1,      0,      0.4,    0.4
Part_Pig_12_3,                          918,    203,    55,     43,     -1,     0,      0.4,    0.4
Part_Pig_12_4,                          1250,   559,    95,     81,     1,      1,      0.4,    0.4
Part_Pig_12_5,                          2676,   1629,   87,     49,     1,      2,      0.4,    0.4
Part_Pig_13_0,                          2294,   203,    75,     29,     1,      0,      0.4,    0.4
Part_Pig_13_1,                          141,    241,    21,     11,     0,      1,      0.4,    0.4
Part_Pig_13_2,                          601,    203,    119,    46,     3,      2,      0.4,    0.4
Part_Pig_13_3,                          311,    1907,   16,     14,     0,      0,      0.4,    0.4
Part_Pig_14_0,                          1354,   1329,   124,    81,     0,      7,      0.4,    0.4
Part_Pig_14_1,                          2891,   829,    87,     52,     1,      2,      0.4,    0.4
Part_Pig_14_2,                          241,    241,    75,     8,      1,      -1,     0.4,    0.4
Part_Pig_14_3,                          2346,   1378,   53,     26,     1,      -1,     0.4,    0.4
Part_Pig_14_4,                          1354,   1329,   124,    81,     0,      1,      0.4,    0.4
Part_Pig_14_5,                          2936,   883,    87,     50,     1,      3,      0.4,    0.4
Part_Pig_15_0,                          2255,   1407,   95,     84,     1,      7,      0.4,    0.4
Part_Pig_15_1,                          2586,   1391,   87,     56,     1,      1,      0.4,    0.4
Part_Pig_15_2,                          311,    1795,   156,    110,    0,      -1,     0.4,    0.4
Part_Pig_15_3,                          2255,   1407,   95,     84,     1,      1,      0.4,    0.4
Part_Pig_15_4,                          2596,   1752,   87,     50,     1,      3,      0.4,    0.4
Part_Pig_16_0,                          2086,   1553,   110,    88,     0,      6,      0.4,    0.4
Part_Pig_16_1,                          2520,   913,    87,     63,     1,      1,      0.4,    0.4
Part_Pig_16_2,                          318,    241,    75,     8,      1,      0,      0.4,    0.4
Part_Pig_16_3,                          332,    1529,   79,     32,     1,      -1,     0.4,    0.4
Part_Pig_16_4,                          213,    1414,   55,     6,      1,      1,      0.4,    0.4
Part_Pig_16_5,                          455,    203,    8,      8,      1,      0,      0.4,    0.4
Part_Pig_16_6,                          2086,   1553,   110,    88,     0,      0,      0.4,    0.4
Part_Pig_16_7,                          2513,   1265,   87,     65,     0,      1,      0.4,    0.4
Part_Pig_17_0,                          2275,   1092,   97,     66,     1,      0,      0.4,    0.4
Part_Pig_18_0,                          1582,   1329,   95,     81,     1,      1,      0.4,    0.4
Part_Pig_18_1,                          2232,   1497,   91,     54,     0,      -1,     0.4,    0.4
Part_Pig_18_2,                          2612,   1449,   26,     52,     1,      0,      0.4,    0.4
Part_Pig_18_3,                          1958,   239,    127,    96,     1,      0,      0.4,    0.4
Part_Pig_18_4,                          1106,   1988,   91,     59,     1,      2,      0.4,    0.4
Part_Pig_19_0,                          2122,   1497,   108,    54,     0,      -1,     0.4,    0.4
Part_Pig_19_1,                          266,    1539,   27,     23,     0,      1,      0.4,    0.4
Part_Pig_19_2,                          886,    2002,   46,     45,     0,      0,      0.4,    0.4
Part_Pig_19_3,                          634,    1346,   130,    66,     0,      0,      0.4,    0.4
Part_Pig_19_4,                          2087,   979,    108,    50,     0,      -1,     0.4,    0.4
Part_TimeBomb_0_0,                      864,    1344,   79,     68,     0,      1,      0.5,    0.5
Part_KingPig_0_0,                       269,    459,    223,    182,    0,      13,     0.22,   0.22
Part_KingPig_0_1,                       322,    738,    211,    127,    0,      15,     0.22,   0.22
Part_KingPig_0_2,                       359,    1244,   178,    17,     1,      18,     0.22,   0.22
Part_KingPig_0_3,                       2466,   373,    102,    65,     2,      15,     0.22,   0.22
Part_KingPig_0_4,                       2155,   1935,   74,     77,     0,      15,     0.4,    0.4
Part_KingPig_0_5,                       269,    459,    223,    182,    0,      -2,     0.3984375,0.3958333
Part_KingPig_0_6,                       2155,   1935,   74,     77,     0,      0,      0.4,    0.4
Part_KingPig_0_7,                       2466,   373,    102,    65,     2,      0,      0.3984375,0.390625
Part_KingPig_0_8,                       322,    738,    211,    127,    0,      0,      0.4,    0.4
Part_KingPig_0_9,                       359,    1244,   178,    17,     1,      3,      0.4,    0.4
Part_KingPig_1_0,                       1,      1422,   211,    141,    1,      20,     0.2,    0.2
Part_KingPig_1_1,                       976,    1047,   250,    76,     -2,     17,     0.2,    0.2
Part_KingPig_1_2,                       1,      1806,   58,     118,    0,      16,     0.2,    0.2
Part_KingPig_1_3,                       2466,   373,    102,    65,     2,      15,     0.2,    0.2
Part_KingPig_1_4,                       1,      1806,   58,     118,    0,      1,      0.4,    0.4
Part_KingPig_1_5,                       976,    1047,   250,    76,     -2,     2,      0.4,    0.4
Part_KingPig_2_0,                       1,      1134,   211,    142,    2,      19,     0.2,    0.2
Part_KingPig_2_1,                       359,    1244,   178,    17,     1,      18,     0.2,    0.2
Part_KingPig_2_2,                       978,    247,    80,     106,    1,      18,     0.2,    0.2
Part_KingPig_2_3,                       2178,   1643,   86,     87,     2,      16,     0.2,    0.2
Part_KingPig_2_4,                       2178,   1643,   86,     87,     2,      1,      0.4,    0.4
Part_KingPig_2_5,                       978,    247,    80,     106,    1,      3,      0.3984375,0.390625
Part_KingPig_3_0,                       304,    976,    211,    129,    0,      15,     0.22,   0.22
Part_KingPig_3_1,                       1,      738,    319,    236,    1,      13,     0.4,    0.4
Part_KingPig_3_2,                       1,      738,    319,    236,    1,      -2,     0.4,    0.4
Part_KingPig_4_0,                       1,      1278,   210,    142,    0,      6,      0.22,   0.22
Part_KingPig_4_1,                       1041,   1668,   188,    104,    1,      -4,     0.4,    0.4
Part_KingPig_4_2,                       532,    378,    249,    78,     1,      1,      0.4,    0.4
Part_KingPig_4_3,                       1,      1686,   65,     118,    0,      0,      0.4,    0.4
Part_KingPig_5_0,                       535,    738,    210,    126,    0,      15,     0.22,   0.22
Part_KingPig_5_1,                       1,      1,      138,    252,    0,      14,     0.4,    0.4
Part_KingPig_5_2,                       1,      976,    301,    156,    1,      15,     0.4,    0.4
Part_KingPig_5_3,                       1,      976,    301,    156,    1,      0,      0.4,    0.4
Part_KingPig_5_4,                       1,      1,      138,    252,    0,      -1,     0.4,    0.4
Part_KingPig_6_0,                       322,    738,    211,    127,    0,      15,     0.2,    0.2
Part_KingPig_6_1,                       1,      1926,   246,    117,    0,      15,     0.205,  0.205
Part_KingPig_6_2,                       1889,   338,    159,    96,     0,      15,     0.2,    0.2
Part_KingPig_6_3,                       399,    2018,   222,    29,     0,      15,     0.2,    0.2
Part_KingPig_6_4,                       2604,   1997,   192,    50,     0,      15,     0.2,    0.2
Part_KingPig_6_5,                       269,    459,    223,    182,    0,      -2,     0.4,    0.4
Part_KingPig_6_6,                       1,      1926,   246,    117,    0,      0,      0.4,    0.4
Part_KingPig_6_7,                       1889,   338,    159,    96,     0,      0,      0.4,    0.4
Part_KingPig_6_8,                       399,    2018,   222,    29,     0,      0,      0.4,    0.4
Part_KingPig_6_9,                       2604,   1997,   192,    50,     0,      0,      0.4,    0.4
Part_Egg_0_0,                           1623,   548,    72,     91,     1,      -1,     0.4,    0.4
Part_Egg_0_1,                           2262,   1305,   82,     84,     0,      0,      0.4,    0.4
Part_Egg_1_0,                           1967,   1553,   117,    88,     0,      0,      0.3,    0.3
Part_Egg_1_1,                           1967,   1553,   117,    88,     0,      16,     0.4,    0.4
Part_Egg_2_0,                           1483,   837,    89,     100,    1,      3,      0.4,    0.4
Part_Egg_3_0,                           1906,   539,    72,     91,     -1,     1,      0.4,    0.4
Part_Egg_4_0,                           542,    1414,   58,     108,    -1,     1,      0.4,    0.4
Part_Egg_5_0,                           1956,   833,    87,     94,     1,      -1,     0.4,    0.4
Part_Egg_5_1,                           1956,   833,    87,     94,     1,      3,      0.4,    0.4
Part_WoodenFrame_0_0,                   617,    1562,   107,    108,    0,      1,      0.4,    0.4
Part_WoodenFrame_1_0,                   530,    1894,   107,    108,    1,      -1,     0.4,    0.4
Part_WoodenFrame_2_0,                   621,    1783,   107,    108,    2,      1,      0.4,    0.4
Part_WoodenFrame_3_0,                   716,    1672,   107,    108,    -2,     0,      0.4,    0.4
Part_WoodenFrame_4_0,                   768,    1414,   105,    105,    -3,     2,      0.4,    0.4
Part_WoodenFrame_4_1,                   768,    1414,   105,    105,    -2,     2,      0.42,   0.42
Part_WoodenFrame_5_0,                   772,    1237,   105,    105,    0,      3,      0.4,    0.4
Part_WoodenFrame_6_0,                   726,    1562,   107,    108,    4,      3,      0.4,    0.4
Part_WoodenFrame_6_1,                   726,    1562,   107,    108,    2,      1,      0.42,   0.42
Part_WoodenFrame_7_0,                   112,    1565,   120,    116,    0,      -1,     0.4,    0.4
Part_WoodenFrame_7_1,                   112,    1565,   120,    116,    -2,     -3,     0.42,   0.42
Part_WoodenFrame_8_0,                   621,    458,    105,    121,    0,      -5,     0.4,    0.4
Part_WoodenFrame_8_1,                   2051,   620,    89,     89,     1,      0,      0.4,    0.4
Part_WoodenFrame_8_2,                   621,    458,    105,    121,    0,      -8,     0.4,    0.4
Part_WoodenFrame_9_0,                   639,    1893,   107,    108,    0,      0,      0.4,    0.4
Part_MetalFrame_0_0,                    730,    1782,   107,    108,    1,      1,      0.4,    0.4
Part_MetalFrame_1_0,                    825,    1672,   107,    108,    2,      -1,     0.4,    0.4
Part_MetalFrame_2_0,                    374,    1680,   114,    110,    0,      -1,     0.4,    0.4
Part_MetalFrame_2_1,                    374,    1680,   114,    110,    2,      -1,     0.4,    0.4
Part_MetalFrame_3_0,                    267,    1564,   112,    114,    3,      -2,     0.4,    0.4
Part_MetalFrame_3_1,                    267,    1564,   112,    114,    3,      -2,     0.42,   0.42
Part_MetalFrame_4_0,                    748,    1892,   107,    108,    1,      1,      0.4,    0.4
Part_MetalFrame_5_0,                    839,    1782,   107,    108,    1,      -1,     0.4,    0.4
Part_MetalFrame_6_0,                    507,    1563,   108,    108,    -2,     0,      0.4,    0.4
Part_MetalFrame_7_0,                    857,    1892,   107,    108,    0,      0,      0.4,    0.4
Part_MetalFrame_8_0,                    338,    1134,   107,    108,    0,      1,      0.4,    0.4
Part_MetalFrame_8_1,                    2198,   1553,   87,     86,     1,      0,      0.4,    0.4
Part_MetalFrame_8_2,                    338,    1134,   107,    108,    0,      1,      0.42,   0.42
Part_MetalFrame_8_3,                    2470,   1925,   87,     72,     1,      0,      0.42,   0.42
Part_MetalFrame_8_4,                    2198,   1553,   87,     86,     1,      0,      0.42,   0.42
Part_MetalFrame_8_5,                    2320,   1799,   94,     48,     1,      0,      0.42,   0.42
Part_MetalFrame_8_6,                    2502,   1109,   60,     63,     0,      0,      0.42,   0.42
Part_MetalFrame_9_0,                    602,    1414,   56,     108,    1,      0,      0.4,    0.4
Part_MetalFrame_10_0,                   728,    458,    125,    119,    1,      -6,     0.4,    0.4
Part_MetalFrame_10_1,                   728,    458,    125,    119,    1,      -6,     0.42,   0.42
Part_MetalFrame_10_2,                   2067,   1824,   29,     29,     0,      0,      0.4,    0.4
Part_MetalFrame_11_0,                   762,    974,    111,    105,    1,      1,      0.4,    0.4
Part_MetalFrame_11_1,                   490,    1674,   114,    108,    0,      0,      0.4,    0.4
Part_CartWheel_0_0,                     1298,   1043,   107,    80,     1,      -11,    0.4,    0.4
Part_CartWheel_0_1,                     2207,   609,    73,     72,     -1,     1,      0.4,    0.4
Part_CartWheel_1_0,                     1407,   1145,   107,    80,     -1,     -11,    0.4,    0.4
Part_CartWheel_1_1,                     2135,   801,    73,     72,     0,      -16,    0.4,    0.4
Part_CartWheel_1_2,                     2135,   801,    73,     72,     0,      1,      0.4,    0.4
Part_CartWheel_2_0,                     1516,   1144,   107,    80,     0,      -12,    0.4,    0.4
Part_CartWheel_2_1,                     2087,   905,    73,     72,     0,      -17,    0.4,    0.4
Part_CartWheel_2_2,                     2087,   905,    73,     72,     0,      0,      0.4,    0.4
Part_CartWheel_3_0,                     1679,   1328,   107,    80,     0,      -12,    0.4,    0.4
Part_CartWheel_3_1,                     2559,   1923,   73,     72,     1,      -15,    0.4,    0.4
Part_CartWheel_3_2,                     2559,   1923,   73,     72,     1,      -4,     0.4,    0.4
Part_CartWheel_4_0,                     1788,   1325,   107,    80,     -1,     -10,    0.4,    0.4
Part_CartWheel_4_1,                     2357,   1553,   74,     74,     0,      -15,    0.4,    0.4
Part_CartWheel_4_2,                     2357,   1553,   74,     74,     0,      -4,     0.4,    0.4
Part_CartWheel_5_0,                     1897,   1324,   107,    80,     2,      -9,     0.4,    0.4
Part_CartWheel_5_1,                     945,    1339,   73,     73,     0,      -14,    0.4,    0.4
Part_CartWheel_5_2,                     1897,   1324,   107,    80,     2,      -10,    0.4,    0.4
Part_CartWheel_5_3,                     945,    1339,   73,     73,     0,      -3,     0.4,    0.4
Part_CartWheel_6_0,                     2263,   1214,   107,    80,     1,      -17,    0.4,    0.4
Part_CartWheel_6_1,                     2170,   709,    73,     72,     0,      -15,    0.4,    0.4
Part_CartWheel_6_2,                     214,    1539,   24,     24,     0,      -17,    0.4,    0.4
Part_CartWheel_6_3,                     2263,   1214,   107,    80,     1,      -10,    0.4,    0.4
Part_CartWheel_6_4,                     2170,   709,    73,     72,     0,      -4,     0.4,    0.4
Part_CartWheel_6_5,                     214,    1539,   24,     24,     0,      -6,     0.4,    0.4
Part_CartWheel_7_0,                     1480,   1329,   100,    81,     1,      -15,    0.4,    0.4
Part_CartWheel_7_1,                     2229,   428,    72,     72,     -1,     -17,    0.4,    0.4
Part_CartWheel_7_2,                     1480,   1329,   100,    81,     1,      -11,    0.4,    0.4
Part_CartWheel_7_3,                     2229,   428,    72,     72,     -1,     -6,     0.4,    0.4
Part_CartWheel_8_0,                     1422,   1966,   100,    81,     1,      -15,    0.4,    0.4
Part_CartWheel_8_1,                     2227,   519,    72,     72,     0,      -17,    0.4,    0.4
Part_CartWheel_8_2,                     1422,   1966,   100,    81,     1,      -11,    0.4,    0.4
Part_CartWheel_8_3,                     2227,   519,    72,     72,     0,      -6,     0.4,    0.4
Part_CartWheel_9_0,                     1020,   1330,   100,    82,     0,      -15,    0.4,    0.4
Part_CartWheel_9_1,                     2549,   1849,   73,     72,     0,      -15,    0.4,    0.4
Part_CartWheel_9_2,                     240,    1539,   24,     24,     1,      -15,    0.4,    0.4
Part_CartWheel_9_3,                     1020,   1330,   100,    82,     0,      -12,    0.4,    0.4
Part_CartWheel_9_4,                     2549,   1849,   73,     72,     0,      -4,     0.4,    0.4
Part_CartWheel_9_5,                     240,    1539,   24,     24,     1,      -4,     0.4,    0.4
Part_CartWheel_10_0,                    2145,   1853,   107,    80,     0,      -16,    0.4,    0.4
Part_CartWheel_10_1,                    2162,   875,    72,     72,     0,      -17,    0.4,    0.4
Part_CartWheel_10_2,                    2145,   1853,   107,    80,     0,      -12,    0.4,    0.4
Part_CartWheel_10_3,                    2162,   875,    72,     72,     0,      -6,     0.4,    0.4
Part_NormalWheel_0_0,                   2374,   1065,   65,     66,     0,      17,     0.4,    0.4
Part_NormalWheel_0_1,                   2250,   1732,   68,     80,     0,      -9,     0.4,    0.4
Part_NormalWheel_1_0,                   2266,   1641,   68,     80,     1,      5,      0.4,    0.4
Part_NormalWheel_1_1,                   2266,   1641,   68,     80,     1,      -10,    0.4,    0.4
Part_NormalWheel_1_2,                   2374,   1065,   65,     66,     0,      2,      0.4,    0.4
Part_NormalWheel_2_0,                   904,    1054,   70,     69,     1,      15,     0.4,    0.4
Part_NormalWheel_2_1,                   2761,   1197,   52,     51,     -1,     17,     0.4,    0.4
Part_NormalWheel_2_2,                   2287,   1553,   68,     80,     1,      24,     0.4,    0.4
Part_NormalWheel_2_3,                   2287,   1553,   68,     80,     1,      -8,     0.4,    0.4
Part_NormalWheel_2_4,                   2761,   1197,   52,     51,     -1,     0,      0.4,    0.4
Part_NormalWheel_2_5,                   904,    1054,   70,     69,     1,      -2,     0.4,    0.4
Part_NormalWheel_3_0,                   2373,   464,    67,     67,     2,      16,     0.4,    0.4
Part_NormalWheel_3_1,                   2678,   1106,   56,     56,     -1,     17,     0.4,    0.4
Part_NormalWheel_3_2,                   1283,   1329,   69,     82,     3,      15,     0.4,    0.4
Part_NormalWheel_3_3,                   1283,   1329,   69,     82,     2,      -14,    0.4,    0.4
Part_NormalWheel_3_4,                   2373,   464,    67,     67,     2,      -1,     0.4,    0.4
Part_NormalWheel_3_5,                   2678,   1106,   56,     56,     -1,     0,      0.4,    0.4
Part_NormalWheel_4_0,                   2354,   926,    65,     66,     1,      16,     0.4,    0.4
Part_NormalWheel_4_1,                   2346,   1296,   67,     80,     2,      22,     0.4,    0.4
Part_NormalWheel_4_2,                   2346,   1296,   67,     80,     2,      -9,     0.4,    0.4
Part_NormalWheel_4_3,                   2354,   926,    65,     66,     1,      -1,     0.4,    0.4
Part_NormalWheel_5_0,                   2400,   994,    65,     66,     -2,     19,     0.4,    0.4
Part_NormalWheel_5_1,                   1228,   1044,   68,     78,     -2,     20,     0.4,    0.4
Part_NormalWheel_5_2,                   1746,   203,    37,     37,     1,      20,     0.4,    0.4
Part_NormalWheel_5_3,                   1228,   1044,   68,     78,     -4,     -12,    0.4,    0.4
Part_NormalWheel_5_4,                   2400,   994,    65,     66,     -2,     -13,    0.4,    0.4
Part_NormalWheel_5_5,                   1746,   203,    37,     37,     1,      -12,    0.4,    0.4
Part_NormalWheel_6_0,                   2412,   1629,   63,     73,     1,      -14,    0.4,    0.4
Part_NormalWheel_6_1,                   2419,   848,    65,     64,     0,      -17,    0.4,    0.4
Part_NormalWheel_6_2,                   2412,   1629,   63,     73,     1,      -11,    0.4,    0.4
Part_NormalWheel_6_3,                   2419,   848,    65,     64,     0,      0,      0.4,    0.4
Part_SmallWheel_0_0,                    2813,   955,    39,     54,     0,      1,      0.4,    0.4
Part_SmallWheel_0_1,                    740,    1083,   39,     42,     0,      -28,    0.4,    0.4
Part_SmallWheel_0_2,                    1530,   1514,   37,     38,     0,      -14,    0.4,    0.4
Part_SmallWheel_1_0,                    1530,   1514,   37,     38,     0,      11,     0.4,    0.4
Part_SmallWheel_1_1,                    781,    1081,   39,     42,     -1,     29,     0.4,    0.4
Part_SmallWheel_1_2,                    781,    1081,   39,     42,     -1,     -29,    0.4,    0.4
Part_SmallWheel_2_0,                    1407,   1515,   39,     38,     -1,     -11,    0.4,    0.4
Part_SmallWheel_2_1,                    1569,   1514,   37,     38,     1,      -13,    0.4,    0.4
Part_SmallWheel_2_2,                    1407,   1515,   39,     38,     -1,     -32,    0.4,    0.4
Part_SmallWheel_2_3,                    1569,   1514,   37,     38,     1,      -1,     0.4,    0.4
Part_SmallWheel_3_0,                    1608,   1514,   37,     38,     0,      9,      0.4,    0.4
Part_SmallWheel_3_1,                    822,    1081,   39,     42,     0,      13,     0.4,    0.4
Part_SmallWheel_3_2,                    822,    1081,   39,     42,     0,      -29,    0.4,    0.4
Part_SmallWheel_3_3,                    1608,   1514,   37,     38,     0,      -1,     0.4,    0.4
Part_SmallWheel_4_0,                    295,    1529,   35,     33,     3,      12,     0.4,    0.4
Part_SmallWheel_4_1,                    863,    1081,   39,     42,     0,      10,     0.4,    0.4
Part_SmallWheel_4_2,                    863,    1081,   39,     42,     0,      -28,    0.4,    0.4
Part_SmallWheel_4_3,                    295,    1529,   35,     33,     3,      2,      0.5,    0.5
Part_SmallWheel_5_0,                    1143,   203,    37,     38,     1,      11,     0.4,    0.4
Part_SmallWheel_5_1,                    1007,   1516,   39,     42,     -2,     12,     0.4,    0.4
Part_SmallWheel_5_2,                    1007,   1516,   39,     42,     -2,     -28,    0.4,    0.4
Part_SmallWheel_5_3,                    1143,   203,    37,     38,     1,      1,      0.4,    0.4
Part_SmallWheel_6_0,                    1448,   1514,   39,     38,     -1,     -11,    0.4,    0.4
Part_SmallWheel_6_1,                    1489,   1514,   39,     38,     0,      -11,    0.4,    0.4
Part_SmallWheel_6_2,                    1448,   1514,   39,     38,     -1,     -32,    0.4,    0.4
Part_SmallWheel_6_3,                    1489,   1514,   39,     38,     0,      1,      0.4,    0.4
Part_SmallWheel_7_0,                    1182,   203,    37,     38,     1,      10,     0.4,    0.4
Part_SmallWheel_7_1,                    1364,   1515,   41,     38,     1,      2,      0.4,    0.4
Part_SmallWheel_7_2,                    1364,   1515,   41,     38,     1,      -30,    0.4,    0.4
Part_SmallWheel_7_3,                    1182,   203,    37,     38,     1,      0,      0.5,    0.5
Part_MotorWheel_0_0,                    2659,   1502,   48,     47,     0,      8,      0.4,    0.4
Part_MotorWheel_0_1,                    1434,   744,    90,     91,     0,      8,      0.4,    0.4
Part_MotorWheel_0_2,                    2408,   203,    68,     67,     1,      -16,    0.4,    0.4
Part_MotorWheel_1_0,                    2336,   1635,   74,     74,     1,      6,      0.4,    0.4
Part_MotorWheel_1_1,                    2370,   645,    65,     67,     1,      9,      0.4,    0.4
Part_MotorWheel_1_2,                    2074,   1407,   89,     88,     -1,     5,      0.4,    0.4
Part_MotorWheel_1_3,                    2370,   645,    65,     67,     1,      -15,    0.4,    0.4
Part_MotorWheel_1_4,                    2336,   1635,   74,     74,     1,      1,      0.4,    0.4
Part_MotorWheel_1_5,                    2074,   1407,   89,     88,     -1,     0,      0.4,    0.4
Part_MotorWheel_2_0,                    269,    643,    93,     93,     3,      7,      0.4,    0.4
Part_MotorWheel_2_1,                    980,    566,    74,     75,     2,      7,      0.4,    0.4
Part_MotorWheel_2_2,                    2236,   855,    67,     69,     1,      7,      0.4,    0.4
Part_MotorWheel_2_3,                    2236,   855,    67,     69,     1,      -17,    0.4,    0.4
Part_MotorWheel_2_4,                    269,    643,    93,     93,     0,      2,      0.4,    0.4
Part_MotorWheel_2_5,                    980,    566,    74,     75,     2,      2,      0.4,    0.4
Part_MotorWheel_3_0,                    1248,   643,    91,     91,     1,      6,      0.4,    0.4
Part_MotorWheel_3_1,                    2301,   502,    70,     70,     0,      4,      0.4,    0.4
Part_MotorWheel_3_2,                    2352,   1406,   77,     77,     1,      3,      0.4,    0.4
Part_MotorWheel_3_3,                    2352,   1406,   77,     77,     1,      -16,    0.4,    0.4
Part_MotorWheel_3_4,                    2301,   502,    70,     70,     0,      -1,     0.4,    0.4
Part_MotorWheel_3_5,                    1248,   643,    91,     91,     1,      1,      0.4,    0.4
Part_MotorWheel_4_0,                    1526,   744,    90,     91,     2,      7,      0.4,    0.4
Part_MotorWheel_4_1,                    2343,   234,    63,     68,     1,      9,      0.4,    0.4
Part_MotorWheel_4_2,                    2544,   733,    48,     47,     0,      3,      0.4,    0.4
Part_MotorWheel_4_3,                    2343,   234,    63,     68,     1,      -16,    0.4,    0.4
Part_MotorWheel_4_4,                    2544,   733,    48,     47,     0,      -2,     0.4,    0.4
Part_MotorWheel_4_5,                    1526,   744,    90,     91,     2,      2,      0.4,    0.4
Part_MotorWheel_5_0,                    2048,   436,    89,     90,     1,      5,      0.4,    0.4
Part_MotorWheel_5_1,                    2337,   325,    68,     68,     1,      6,      0.4,    0.4
Part_MotorWheel_5_2,                    2604,   1523,   53,     52,     1,      5,      0.4,    0.4
Part_MotorWheel_5_3,                    2337,   325,    68,     68,     1,      -16,    0.4,    0.4
Part_MotorWheel_5_4,                    2604,   1523,   53,     52,     1,      0,      0.4,    0.4
Part_MotorWheel_5_5,                    2048,   436,    89,     90,     1,      0,      0.4,    0.4
Part_MotorWheel_6_0,                    2405,   1925,   63,     73,     1,      -17,    0.4,    0.4
Part_MotorWheel_6_1,                    1347,   553,    90,     87,     0,      -19,    0.4,    0.4
Part_MotorWheel_6_2,                    1347,   553,    90,     87,     0,      1,      0.4,    0.4
Part_Bellows_0_0,                       1748,   242,    103,    97,     1,      1,      0.4,    0.4
Part_Bellows_1_0,                       1784,   341,    103,    97,     6,      0,      0.4,    0.4
Part_Bellows_1_1,                       1784,   341,    103,    97,     1,      0,      0.4,    0.4
Part_Bellows_2_0,                       1853,   239,    103,    97,     4,      0,      0.4,    0.4
Part_Bellows_2_1,                       1853,   239,    103,    97,     -1,     0,      0.4,    0.4
Part_Bellows_3_0,                       1611,   1039,   103,    97,     3,      3,      0.4,    0.4
Part_Bellows_3_1,                       1611,   1039,   103,    97,     -2,     3,      0.4,    0.4
Part_Bellows_4_0,                       2275,   1160,   110,    52,     -1,     0,      0.4,    0.4
Part_Bellows_4_1,                       2386,   533,    51,     67,     -1,     -15,    0.4,    0.4
Part_Bellows_4_2,                       2275,   1160,   110,    52,     6,      0,      0.4,    0.4
Part_Bellows_5_0,                       1700,   1226,   103,    97,     0,      1,      0.4,    0.4
Part_Bellows_5_1,                       1700,   1226,   103,    97,     -5,     1,      0.4,    0.4
Part_Bellows_6_0,                       1716,   1036,   107,    96,     0,      0,      0.4,    0.4
Part_Bellows_7_0,                       795,    846,    105,    102,    1,      0,      0.4,    0.4
Part_Bellows_7_1,                       795,    846,    105,    102,    -4,     0,      0.4,    0.4
Part_Fan_0_0,                           605,    643,    45,     93,     3,      1,      0.4,    0.4
Part_Fan_0_1,                           320,    1923,   40,     109,    -10,    1,      0.4,    0.4
Part_Fan_1_0,                           652,    643,    45,     93,     1,      4,      0.4,    0.4
Part_Fan_1_1,                           362,    1907,   40,     109,    -3,     4,      0.4,    0.4
Part_Fan_2_0,                           553,    643,    50,     93,     1,      2,      0.4,    0.4
Part_Fan_2_1,                           404,    1907,   40,     109,    -1,     3,      0.4,    0.4
Part_Fan_3_0,                           699,    643,    45,     93,     3,      4,      0.4,    0.4
Part_Fan_3_1,                           446,    1907,   40,     109,    -1,     4,      0.4,    0.4
Part_Fan_4_0,                           746,    643,    45,     93,     1,      0,      0.4,    0.4
Part_Fan_4_1,                           469,    1792,   40,     109,    0,      1,      0.4,    0.4
Part_Fan_5_0,                           1878,   440,    52,     97,     0,      0,      0.4,    0.4
Part_Fan_5_1,                           488,    1903,   40,     109,    0,      2,      0.4,    0.4
Part_Propeller_0_0,                     323,    1266,   37,     109,    -2,     1,      0.4,    0.4
Part_Propeller_0_1,                     395,    1414,   37,     109,    -2,     1,      0.5,    0.5
Part_Propeller_1_0,                     579,    866,    33,     108,    -4,     0,      0.4,    0.4
Part_Propeller_1_1,                     579,    866,    33,     108,    -4,     0,      0.5,    0.5
Part_Propeller_2_0,                     434,    1414,   36,     109,    -2,     3,      0.4,    0.4
Part_Propeller_2_1,                     434,    1414,   36,     109,    -2,     3,      0.5,    0.5
Part_Propeller_3_0,                     559,    976,    35,     108,    -1,     2,      0.4,    0.4
Part_Propeller_3_1,                     559,    976,    35,     108,    -1,     2,      0.5,    0.5
Part_Propeller_4_0,                     482,    1563,   23,     109,    -1,     -3,     0.4,    0.4
Part_Propeller_4_1,                     482,    1563,   23,     109,    -1,     -3,     0.5,    0.5
Part_Propeller_5_0,                     472,    1414,   33,     109,    -3,     -1,     0.4,    0.4
Part_Propeller_5_1,                     472,    1414,   33,     109,    -3,     -1,     0.5,    0.5
Part_Propeller_6_0,                     630,    975,    23,     107,    2,      -2,     0.4,    0.4
Part_Propeller_6_1,                     630,    975,    23,     107,    2,      -2,     0.5,    0.5
Part_Propeller_7_0,                     982,    1414,   23,     105,    0,      3,      0.4,    0.4
Part_Propeller_7_1,                     982,    1414,   23,     105,    0,      3,      0.5,    0.5
Part_Propeller_8_0,                     507,    1414,   33,     109,    0,      1,      0.4,    0.4
Part_Propeller_8_1,                     507,    1414,   33,     109,    0,      1,      0.5,    0.5
Part_Propeller_9_0,                     249,    1923,   35,     115,    1,      1,      0.4,    0.4
Part_Propeller_9_1,                     249,    1923,   35,     115,    1,      1,      0.5,    0.5
Part_Rotor_0_0,                         470,    203,    129,    46,     1,      4,      0.4,    0.4
Part_Rotor_0_1,                         2050,   337,    254,    89,     -1,     2,      0.4,    0.4
Part_Rotor_1_0,                         1913,   1226,   246,    89,     0,      7,      0.2,    0.2
Part_Rotor_1_1,                         1913,   1226,   246,    89,     0,      7,      0.4,    0.4
Part_Rotor_2_0,                         1900,   1961,   253,    86,     1,      12,     0.2,    0.2
Part_Rotor_2_1,                         1900,   1961,   253,    86,     1,      12,     0.4,    0.4
Part_Rotor_3_0,                         1946,   1031,   254,    90,     0,      7,      0.2,    0.2
Part_Rotor_3_1,                         1946,   1031,   254,    90,     0,      7,      0.4,    0.4
Part_Rotor_4_0,                         2006,   1317,   254,    88,     0,      1,      0.2,    0.2
Part_Rotor_4_1,                         2006,   1317,   254,    88,     0,      1,      0.4,    0.4
Part_Rotor_5_0,                         2087,   234,    254,    89,     0,      1,      0.2,    0.2
Part_Rotor_5_1,                         2087,   234,    254,    89,     0,      1,      0.4,    0.4
Part_Rotor_6_0,                         1718,   1134,   255,    90,     1,      1,      0.2,    0.2
Part_Rotor_6_1,                         1718,   1134,   255,    90,     1,      1,      0.4,    0.4
Part_Rotor_7_0,                         1823,   1407,   249,    89,     0,      1,      0.2,    0.2
Part_Rotor_7_1,                         1823,   1407,   249,    89,     0,      1,      0.4,    0.4
Part_Rotor_8_0,                         2008,   1734,   58,     88,     0,      0,      0.2,    0.2
Part_Rotor_8_1,                         413,    1525,   125,    36,     1,      0,      0.2,    0.2
Part_Rotor_8_2,                         2008,   1734,   58,     88,     0,      0,      0.4,    0.4
Part_Rotor_8_3,                         413,    1525,   125,    36,     1,      0,      0.4,    0.4
Part_Rotor_9_0,                         948,    1776,   250,    104,    0,      1,      0.2,    0.2
Part_Rotor_9_1,                         948,    1776,   250,    104,    0,      1,      0.4,    0.4
Part_CokeBottle_0_0,                    975,    203,    82,     42,     -2,     2,      0.4,    0.4
Part_CokeBottle_0_1,                    2506,   1799,   88,     48,     -2,     2,      0.4,    0.4
Part_CokeBottle_0_2,                    359,    1107,   15,     22,     41,     1,      0.4,    0.4
Part_CokeBottle_0_3,                    2389,   714,    53,     66,     2,      23,     0.4,    0.4
Part_CokeBottle_0_4,                    1059,   203,    82,     42,     -2,     2,      0.4,    0.4
Part_CokeBottle_1_0,                    2691,   1029,   73,     55,     6,      0,      0.4,    0.4
Part_CokeBottle_1_1,                    2507,   782,    76,     61,     -2,     0,      0.4,    0.4
Part_CokeBottle_1_2,                    2387,   1133,   56,     66,     0,      3,      0.4,    0.4
Part_CokeBottle_1_3,                    476,    1107,   21,     21,     1,      2,      0.4,    0.4
Part_CokeBottle_1_4,                    2387,   1133,   56,     66,     0,      23,     0.4,    0.4
Part_CokeBottle_1_5,                    2738,   966,    73,     55,     4,      0,      0.4,    0.4
Part_CokeBottle_2_0,                    2499,   1406,   85,     57,     0,      2,      0.4,    0.4
Part_CokeBottle_2_1,                    376,    1107,   15,     22,     4,      5,      0.4,    0.4
Part_CokeBottle_2_2,                    2583,   600,    88,     59,     1,      2,      0.4,    0.4
Part_CokeBottle_2_3,                    2656,   782,    88,     59,     -5,     3,      0.4,    0.4
Part_CokeBottle_2_4,                    2527,   1332,   85,     57,     -6,     3,      0.4,    0.4
Part_CokeBottle_2_5,                    2614,   1296,   84,     56,     0,      4,      0.4,    0.4
Part_CokeBottle_3_0,                    2445,   1130,   55,     66,     2,      4,      0.4,    0.4
Part_CokeBottle_3_1,                    393,    1107,   15,     22,     2,      -1,     0.4,    0.4
Part_CokeBottle_3_2,                    2445,   1130,   55,     66,     2,      24,     0.4,    0.4
Part_CokeBottle_4_0,                    2729,   653,    80,     59,     1,      0,      0.4,    0.4
Part_CokeBottle_4_1,                    2437,   602,    53,     66,     1,      0,      0.4,    0.4
Part_CokeBottle_4_2,                    2460,   1198,   96,     65,     0,      1,      0.4,    0.4
Part_CokeBottle_4_3,                    2437,   602,    53,     66,     1,      20,     0.4,    0.4
Part_SodaBottle_0_0,                    2416,   1799,   88,     48,     -2,     2,      0.4,    0.4
Part_SodaBottle_1_0,                    499,    1107,   21,     21,     32,     2,      0.4,    0.4
Part_SodaBottle_1_1,                    2364,   826,    53,     66,     30,     2,      0.4,    0.4
Part_SodaBottle_1_2,                    2576,   845,    76,     61,     31,     0,      0.4,    0.4
Part_SodaBottle_1_3,                    2364,   826,    53,     66,     0,      22,     0.4,    0.4
Part_SodaBottle_1_4,                    2576,   845,    76,     61,     1,      0,      0.4,    0.4
Part_SodaBottle_1_5,                    499,    1107,   21,     21,     2,      2,      0.4,    0.4
Part_SodaBottle_2_0,                    2637,   531,    88,     59,     0,      0,      0.4,    0.4
Part_SodaBottle_2_1,                    2364,   826,    53,     66,     0,      -3,     0.4,    0.4
Part_SodaBottle_2_2,                    376,    1107,   15,     22,     4,      0,      0.4,    0.4
Part_SodaBottle_2_3,                    2637,   531,    88,     59,     0,      5,      0.4,    0.4
Part_SodaBottle_3_0,                    393,    1107,   15,     22,     2,      -6,     0.4,    0.4
Part_SodaBottle_3_1,                    2445,   1130,   55,     66,     2,      -1,     0.4,    0.4
Part_SodaBottle_4_0,                    2673,   592,    80,     59,     -1,     0,      0.4,    0.4
Part_SodaBottle_4_1,                    2415,   1282,   96,     65,     0,      1,      0.4,    0.4
Part_Rocket_0_0,                        722,    581,    90,     60,     -1,     2,      0.4,    0.4
Part_Rocket_0_1,                        2389,   714,    53,     66,     2,      13,     0.4,    0.4
Part_Rocket_1_0,                        2364,   826,    53,     66,     0,      12,     0.4,    0.4
Part_Rocket_1_1,                        2492,   600,    89,     59,     -2,     10,     0.4,    0.4
Part_Rocket_1_2,                        2492,   600,    89,     59,     -2,     0,      0.4,    0.4
Part_Rocket_1_3,                        2364,   826,    53,     66,     0,      20,     0.4,    0.4
Part_Rocket_1_4,                        2364,   826,    53,     66,     0,      18,     0.4,    0.4
Part_Rocket_1_5,                        2364,   826,    53,     66,     0,      21,     0.4,    0.4
Part_Rocket_2_0,                        2441,   1062,   56,     66,     1,      12,     0.4,    0.4
Part_Rocket_2_1,                        1199,   1987,   90,     60,     -1,     9,      0.4,    0.4
Part_Rocket_2_2,                        1199,   1987,   90,     60,     -1,     -1,     0.4,    0.4
Part_Rocket_2_3,                        2441,   1062,   56,     66,     1,      22,     0.4,    0.4
Part_Rocket_2_4,                        2441,   1062,   56,     66,     1,      24,     0.4,    0.4
Part_Rocket_3_0,                        2332,   755,    55,     69,     3,      13,     0.4,    0.4
Part_Rocket_3_1,                        2746,   840,    93,     57,     2,      9,      0.4,    0.4
Part_Rocket_3_2,                        2746,   840,    93,     57,     2,      -1,     0.4,    0.4
Part_Rocket_3_3,                        2332,   755,    55,     69,     1,      24,     0.4,    0.4
Part_Rocket_3_4,                        2332,   755,    55,     69,     0,      23,     0.4,    0.4
Part_Rocket_3_5,                        2332,   755,    55,     69,     0,      24,     0.4,    0.4
Part_RedRocket_0_0,                     2654,   845,    90,     60,     -1,     -8,     0.4,    0.4
Part_RedRocket_0_1,                     2654,   845,    90,     60,     -1,     2,      0.4,    0.4
Part_RedRocket_1_0,                     2364,   826,    53,     66,     0,      7,      0.4,    0.4
Part_RedRocket_1_1,                     2548,   661,    89,     59,     -1,     6,      0.4,    0.4
Part_RedRocket_1_2,                     2548,   661,    89,     59,     -1,     1,      0.4,    0.4
Part_RedRocket_2_0,                     2441,   1062,   56,     66,     1,      7,      0.4,    0.4
Part_RedRocket_2_1,                     2609,   908,    90,     60,     0,      4,      0.4,    0.4
Part_RedRocket_2_2,                     2609,   908,    90,     60,     0,      -1,     0.4,    0.4
Part_RedRocket_3_0,                     2332,   755,    55,     69,     3,      8,      0.4,    0.4
Part_RedRocket_3_1,                     2810,   714,    93,     57,     1,      6,      0.4,    0.4
Part_RedRocket_3_2,                     2810,   714,    93,     57,     1,      1,      0.4,    0.4
Part_RedRocket_3_3,                     2332,   755,    55,     69,     -1,     23,     0.4,    0.4
Part_EngineSmall_0_0,                   2419,   782,    86,     64,     1,      0,      0.4,    0.4
Part_EngineSmall_0_1,                   2419,   782,    86,     64,     1,      15,     0.4,    0.4
Part_EngineSmall_1_0,                   2372,   1214,   86,     66,     3,      -2,     0.4,    0.4
Part_EngineSmall_1_1,                   2372,   1214,   86,     66,     3,      3,      0.4,    0.4
Part_EngineSmall_2_0,                   814,    579,    74,     62,     2,      1,      0.4,    0.4
Part_EngineSmall_2_1,                   814,    579,    74,     62,     -4,     6,      0.4,    0.4
Part_EngineSmall_3_0,                   2245,   683,    91,     70,     5,      -1,     0.4,    0.4
Part_EngineSmall_3_1,                   2245,   683,    91,     70,     5,      4,      0.4,    0.4
Part_EngineSmall_4_0,                   2433,   1473,   87,     57,     4,      1,      0.4,    0.4
Part_EngineSmall_4_1,                   2433,   1473,   87,     57,     4,      6,      0.4,    0.4
Part_EngineSmall_5_0,                   2421,   914,    97,     63,     0,      -5,     0.4,    0.4
Part_EngineSmall_5_1,                   2421,   914,    97,     63,     0,      0,      0.4,    0.4
Part_EngineSmall_6_0,                   766,    1345,   96,     67,     2,      3,      0.4,    0.4
Part_EngineSmall_7_0,                   2368,   395,    96,     67,     1,      3,      0.4,    0.4
Part_EngineSmall_8_0,                   2486,   848,    88,     63,     1,      0,      0.4,    0.4
Part_EngineSmall_9_0,                   2467,   979,    88,     63,     0,      7,      0.4,    0.4
Part_Engine_0_0,                        459,    643,    92,     93,     1,      1,      0.4,    0.4
Part_Engine_1_0,                        1341,   642,    91,     91,     3,      1,      0.4,    0.4
Part_Engine_2_0,                        1625,   1138,   91,     86,     0,      3,      0.4,    0.4
Part_Engine_3_0,                        364,    643,    93,     93,     2,      3,      0.4,    0.4
Part_Engine_4_0,                        1855,   836,    99,     94,     0,      0,      0.4,    0.4
Part_Engine_5_0,                        2009,   724,    94,     89,     0,      1,      0.4,    0.4
Part_Engine_6_0,                        2179,   1123,   94,     89,     0,      1,      0.4,    0.4
Part_EngineBig_0_0,                     793,    643,    115,    92,     4,      1,      0.4,    0.4
Part_EngineBig_1_0,                     1932,   436,    114,    90,     3,      -1,     0.4,    0.4
Part_EngineBig_2_0,                     1026,   643,    109,    92,     1,      -1,     0.4,    0.4
Part_EngineBig_3_0,                     1137,   643,    109,    92,     1,      2,      0.4,    0.4
Part_EngineBig_4_0,                     1798,   740,    119,    94,     1,      0,      0.4,    0.4
Part_EngineBig_5_0,                     1536,   641,    104,    97,     -3,     0,      0.4,    0.4
Part_EngineBig_6_0,                     1642,   641,    104,    97,     -2,     -1,     0.4,    0.4
Part_Umbrella_0_0,                      286,    1923,   32,     115,    10,     -6,     0.4,    0.4
Part_Umbrella_0_1,                      2624,   970,    112,    57,     0,      -20,    0.4,    0.4
Part_Umbrella_1_0,                      214,    1422,   32,     115,    4,      -1,     0.4,    0.4
Part_Umbrella_1_1,                      494,    587,    112,    54,     0,      -1,     0.4,    0.4
Part_Umbrella_1_2,                      494,    587,    112,    54,     0,      -25,    0.4,    0.4
Part_Umbrella_2_0,                      596,    976,    32,     108,    1,      0,      0.4,    0.4
Part_Umbrella_2_1,                      2675,   1354,   106,    51,     0,      2,      0.4,    0.4
Part_Umbrella_2_2,                      2675,   1354,   106,    51,     0,      -26,    0.4,    0.4
Part_Umbrella_3_0,                      248,    1422,   29,     115,    3,      2,      0.4,    0.4
Part_Umbrella_3_1,                      2415,   1349,   110,    55,     -2,     -2,     0.4,    0.4
Part_Umbrella_3_2,                      2415,   1349,   110,    55,     -2,     -22,    0.4,    0.4
Part_Umbrella_4_0,                      517,    976,    40,     108,    1,      1,      0.4,    0.4
Part_Umbrella_4_1,                      1849,   1498,   106,    53,     1,      1,      0.4,    0.4
Part_Umbrella_4_2,                      1849,   1498,   106,    53,     1,      -27,    0.4,    0.4
Part_Umbrella_5_0,                      234,    1565,   31,     115,    5,      -4,     0.4,    0.4
Part_Umbrella_5_1,                      608,    587,    112,    54,     5,      6,      0.4,    0.4
Part_Umbrella_5_2,                      234,    1565,   31,     115,    0,      1,      0.4,    0.4
Part_Umbrella_5_3,                      608,    587,    112,    54,     0,      -24,    0.4,    0.4
Part_Umbrella_6_0,                      1291,   1984,   129,    63,     1,      0,      0.4,    0.4
Part_Umbrella_6_1,                      1291,   1984,   129,    63,     1,      -24,    0.4,    0.4
Part_PoweredUmbrella_0_0,               2294,   1849,   37,     77,     1,      16,     0.4,    0.4
Part_PoweredUmbrella_0_1,               2564,   1109,   112,    61,     0,      -22,    0.4,    0.4
Part_PoweredUmbrella_1_0,               2274,   1928,   37,     77,     2,      16,     0.4,    0.4
Part_PoweredUmbrella_1_1,               2558,   1174,   112,    61,     -1,     2,      0.4,    0.4
Part_PoweredUmbrella_1_2,               2558,   1174,   112,    61,     -1,     -20,    0.4,    0.4
Part_PoweredUmbrella_2_0,               2254,   1849,   38,     77,     2,      17,     0.4,    0.4
Part_PoweredUmbrella_2_1,               2579,   1043,   110,    61,     -1,     1,      0.4,    0.4
Part_PoweredUmbrella_2_2,               2579,   1043,   110,    61,     -1,     -21,    0.4,    0.4
Part_PoweredUmbrella_3_0,               2231,   1935,   41,     77,     -3,     15,     0.4,    0.4
Part_PoweredUmbrella_3_1,               2210,   783,    120,    70,     1,      -5,     0.4,    0.4
Part_PoweredUmbrella_3_2,               2210,   783,    120,    70,     1,      -27,    0.4,    0.4
Part_Spring_0_0,                        571,    1238,   65,     106,    0,      0,      0.4,    0.4
Part_Spring_0_1,                        638,    1238,   65,     106,    0,      0,      0.4,    0.4
Part_Spring_1_0,                        667,    1129,   65,     106,    4,      0,      0.4,    0.4
Part_Spring_2_0,                        705,    1237,   65,     106,    3,      0,      0.4,    0.4
Part_Spring_3_0,                        734,    1129,   65,     106,    3,      1,      0.4,    0.4
Part_TNT_0_0,                           447,    1130,   107,    108,    0,      1,      0.4,    0.4
Part_TNT_1_0,                           362,    1263,   107,    108,    0,      1,      0.4,    0.4
Part_TNT_2_0,                           892,    250,    84,     106,    2,      -11,    0.4,    0.4
Part_TNT_2_1,                           892,    250,    84,     106,    2,      -1,     0.4,    0.4
Part_TNT_3_0,                           1,      1565,   109,    119,    -2,     -12,    0.4,    0.4
Part_TNT_3_1,                           1,      1565,   109,    119,    -2,     -2,     0.4,    0.4
Part_TNT_4_0,                           164,    1683,   107,    116,    0,      -10,    0.4,    0.4
Part_TNT_4_1,                           164,    1683,   107,    116,    0,      0,      0.4,    0.4
Part_TNT_5_0,                           781,    250,    109,    121,    1,      -10,    0.4,    0.4
Part_TNT_5_1,                           781,    250,    109,    121,    1,      0,      0.4,    0.4
Part_Rope_0_0,                          1697,   545,    119,    94,     1,      2,      0.4,    0.4
Part_Rope_1_0,                          1838,   641,    119,    94,     1,      4,      0.4,    0.4
Part_Rope_2_0,                          783,    373,    99,     83,     0,      0,      0.4,    0.4
Part_Rope_3_0,                          1825,   1034,   119,    94,     0,      3,      0.4,    0.4
Part_Balloon_0_0,                       875,    950,    94,     102,    1,      1,      0.4,    0.4
Part_Balloon_1_0,                       1662,   837,    90,     97,     3,      -2,     0.4,    0.4
Part_Balloon_2_0,                       1574,   837,    86,     98,     4,      1,      0.4,    0.4
Part_Balloon_3_0,                       971,    944,    85,     101,    0,      4,      0.4,    0.4
Part_Balloon_4_0,                       854,    737,    99,     102,    1,      -2,     0.4,    0.4
Part_Balloon_5_0,                       279,    1414,   114,    113,    1,      -9,     0.4,    0.4
Part_Balloon_5_1,                       279,    1414,   114,    113,    11,     1,      0.4,    0.4
Part_Balloon_6_0,                       1748,   641,    88,     97,     6,      1,      0.4,    0.4
Part_Balloon_7_0,                       68,     1686,   94,     117,    0,      1,      0.4,    0.4
Part_Balloon_7_1,                       1311,   1515,   51,     40,     0,      2,      0.4,    0.4
Part_Balloon_7_2,                       68,     1686,   94,     117,    6,      1,      0.4,    0.4
Part_Balloon_7_3,                       1311,   1515,   51,     40,     6,      2,      0.4,    0.4
Part_Balloons2_1_0,                     1662,   837,    90,     97,     13,     -8,     0.4,    0.4
Part_Balloons2_2_0,                     1574,   837,    86,     98,     14,     -5,     0.4,    0.4
Part_Balloons2_3_0,                     971,    944,    85,     101,    15,     -4,     0.4,    0.4
Part_Balloons2_4_0,                     854,    737,    99,     102,    16,     -10,    0.4,    0.4
Part_Balloons2_5_0,                     279,    1414,   114,    113,    16,     -9,     0.4,    0.4
Part_Balloons2_6_0,                     1748,   641,    88,     97,     0,      1,      0.4,    0.4
Part_Balloons2_7_0,                     956,    1521,   49,     38,     0,      1,      0.4,    0.4
Part_Balloons2_7_1,                     956,    1521,   49,     38,     6,      1,      0.4,    0.4
Part_Balloons3_1_0,                     1662,   837,    90,     97,     -12,    -17,    0.4,    0.4
Part_Balloons3_2_0,                     1574,   837,    86,     98,     -11,    -14,    0.4,    0.4
Part_Balloons3_3_0,                     971,    944,    85,     101,    -15,    -11,    0.4,    0.4
Part_Balloons3_4_0,                     854,    737,    99,     102,    -14,    -17,    0.4,    0.4
Part_Balloons3_5_0,                     279,    1414,   114,    113,    16,     -4,     0.4,    0.4
Part_Balloons3_7_0,                     1632,   203,    58,     37,     0,      2,      0.4,    0.4
Part_Balloons3_7_1,                     1632,   203,    58,     37,     6,      2,      0.4,    0.4
Part_Sandbag_0_0,                       1122,   1329,   61,     83,     -1,     1,      0.4,    0.4
Part_Sandbag_1_0,                       2329,   1928,   74,     76,     1,      2,      0.4,    0.4
Part_Sandbag_1_1,                       2329,   1928,   74,     76,     1,      -14,    0.4,    0.4
Part_Sandbag_2_0,                       2522,   1465,   88,     56,     7,      0,      0.4,    0.4
Part_Sandbag_2_1,                       2522,   1465,   88,     56,     7,      -16,    0.4,    0.4
Part_Sandbag_3_0,                       2282,   593,    71,     70,     0,      1,      0.4,    0.4
Part_Sandbag_3_1,                       2282,   593,    71,     70,     0,      -15,    0.4,    0.4
Part_Sandbag_4_0,                       614,    866,    72,     107,    0,      0,      0.4,    0.4
Part_Sandbag_4_1,                       614,    866,    72,     107,    0,      -16,    0.4,    0.4
Part_Sandbag_5_0,                       2142,   619,    63,     88,     1,      0,      0.4,    0.4
Part_Sandbag_5_1,                       2142,   619,    63,     88,     1,      -16,    0.4,    0.4
Part_Sandbag_5_2,                       2162,   519,    63,     88,     1,      0,      0.4,    0.4
Part_Sandbag_5_3,                       2105,   711,    63,     88,     1,      -1,     0.4,    0.4
Part_Sandbag2_0_0,                      1122,   1329,   61,     83,     -11,    1,      0.4,    0.4
Part_Sandbag2_1_0,                      2329,   1928,   74,     76,     11,     -8,     0.4,    0.4
Part_Sandbag2_2_0,                      2522,   1465,   88,     56,     17,     -10,    0.4,    0.4
Part_Sandbag2_3_0,                      2282,   593,    71,     70,     15,     1,      0.4,    0.4
Part_Sandbag3_0_0,                      1122,   1329,   61,     83,     -11,    -9,     0.4,    0.4
Part_Sandbag3_1_0,                      2329,   1928,   74,     76,     1,      -8,     0.4,    0.4
Part_Sandbag3_2_0,                      2522,   1465,   88,     56,     7,      -10,    0.4,    0.4
Part_Sandbag3_3_0,                      2282,   593,    71,     70,     -10,    -19,    0.4,    0.4
Part_Wings_0_0,                         623,    2004,   128,    43,     -1,     3,      0.4,    0.4
Part_Wings_0_1,                         522,    1086,   109,    42,     9,      -7,     0.3984375,0.390625
Part_Wings_0_2,                         323,    1377,   198,    35,     -17,    -1,     0.4,    0.4
Part_Wings_1_0,                         2701,   907,    109,    57,     -20,    11,     0.25,   0.25
Part_Wings_1_1,                         540,    1525,   198,    35,     -22,    14,     0.25,   0.25
Part_Wings_1_2,                         2701,   907,    109,    57,     0,      1,      0.3984375,0.390625
Part_Wings_1_3,                         540,    1525,   198,    35,     -2,     4,      0.4,    0.4
Part_Wings_2_0,                         2405,   2000,   197,    47,     3,      -9,     0.25,   0.25
Part_Wings_2_1,                         999,    1988,   105,    59,     3,      -9,     0.25,   0.25
Part_Wings_2_2,                         999,    1988,   105,    59,     3,      1,      0.3984375,0.390625
Part_Wings_2_3,                         2405,   2000,   197,    47,     3,      1,      0.4,    0.4
Part_Wings_3_0,                         2442,   464,    196,    65,     3,      -9,     0.25,   0.25
Part_Wings_3_1,                         2700,   1287,   63,     51,     0,      -8,     0.25,   0.25
Part_Wings_3_2,                         2700,   1287,   63,     51,     0,      2,      0.3984375,0.390625
Part_Wings_3_3,                         2442,   464,    196,    65,     3,      1,      0.4,    0.4
Part_Wings_4_0,                         2439,   533,    196,    65,     9,      -12,    0.25,   0.25
Part_Wings_4_1,                         2542,   1644,   63,     52,     0,      0,      0.3984375,0.390625
Part_Wings_4_2,                         2439,   533,    196,    65,     9,      -2,     0.4,    0.4
Part_Tailplane_0_0,                     1773,   443,    103,    97,     1,      -1,     0.4,    0.4
Part_Tailplane_1_0,                     1679,   344,    103,    97,     -1,     -2,     0.4,    0.4
Part_Tailplane_2_0,                     1668,   446,    103,    97,     -1,     -1,     0.4,    0.4
Part_Tailplane_3_0,                     556,    1130,   109,    106,    -1,     -1,     0.4,    0.4
Part_Tailplane_3_1,                     556,    1130,   109,    106,    4,      -1,     0.4,    0.4
Part_MetalWing_0_0,                     837,    1521,   117,    38,     -19,    9,      0.28,   0.28
Part_MetalWing_0_1,                     1647,   1514,   200,    37,     -42,    13,     0.28,   0.28
Part_MetalWing_0_2,                     837,    1521,   117,    38,     6,      -6,     0.3984375,0.390625
Part_MetalWing_0_3,                     1647,   1514,   200,    37,     -17,    -2,     0.4,    0.4
Part_MetalWing_1_0,                     2691,   722,    117,    57,     -46,    1,      0.25,   0.25
Part_MetalWing_1_1,                     1221,   203,    204,    37,     -44,    0,      0.25,   0.25
Part_MetalWing_1_2,                     2691,   722,    117,    57,     -1,     1,      0.3984375,0.390625
Part_MetalWing_1_3,                     1221,   203,    204,    37,     1,      0,      0.4,    0.4
Part_MetalWing_2_0,                     2639,   661,    88,     59,     -50,    2,      0.25,   0.25
Part_MetalWing_2_1,                     2085,   203,    207,    29,     -49,    -1,     0.25,   0.25
Part_MetalWing_2_2,                     2639,   661,    88,     59,     -5,     -4,     0.3984375,0.390625
Part_MetalWing_2_3,                     2539,   1523,   63,     52,     0,      -2,     0.4,    0.4
Part_MetalWing_2_4,                     2085,   203,    207,    29,     -4,     -1,     0.4,    0.4
Part_MetalWing_3_0,                     2444,   670,    102,    61,     -52,    1,      0.25,   0.25
Part_MetalWing_3_1,                     1427,   203,    203,    37,     -38,    2,      0.25,   0.25
Part_MetalWing_3_2,                     2444,   670,    102,    61,     -7,     1,      0.3984375,0.390625
Part_MetalWing_3_3,                     1427,   203,    203,    37,     7,      2,      0.4,    0.4
Part_MetalTail_0_0,                     1746,   936,    104,    96,     0,      1,      0.4,    0.4
Part_MetalTail_1_0,                     1852,   935,    105,    94,     3,      -2,     0.4,    0.4
Part_MetalTail_2_0,                     1805,   1226,   106,    96,     -2,     -3,     0.4,    0.4
Part_MetalTail_3_0,                     910,    643,    114,    92,     2,      2,      0.4,    0.4
Part_MetalTail_3_1,                     910,    643,    114,    92,     6,      2,      0.4,    0.4
Part_SpringBoxingGlove_0_0,             322,    867,    107,    107,    1,      0,      0.4,    0.4
Part_SpringBoxingGlove_0_1,             2197,   949,    30,     71,     0,      0,      0.4,    0.4
Part_SpringBoxingGlove_1_0,             511,    1784,   108,    108,    0,      1,      0.4,    0.4
Part_SpringBoxingGlove_1_1,             2306,   325,    29,     69,     3,      -2,     0.4,    0.4
Part_SpringBoxingGlove_2_0,             431,    867,    107,    107,    -1,     1,      0.4,    0.4
Part_SpringBoxingGlove_3_0,             606,    1673,   108,    108,    1,      1,      0.4,    0.4
Part_SpringBoxingGlove_3_1,             2338,   665,    30,     69,     -1,     -6,     0.4,    0.4
Part_SpringBoxingGlove_4_0,             213,    1278,   108,    134,    0,      -1,     0.4,    0.4
Part_SpringBoxingGlove_4_1,             2355,   574,    29,     69,     1,      1,      0.4,    0.6
Part_StickyWheel_0_0,                   214,    1134,   122,    130,    0,      0,      0.4,    0.4
Part_StickyWheel_0_1,                   1919,   737,    88,     94,     0,      1,      0.4,    0.4
Part_StickyWheel_1_0,                   1708,   740,    88,     95,     0,      -1,     0.5,    0.5
Part_StickyWheel_1_1,                   2370,   645,    65,     67,     1,      4,      0.5,    0.5
Part_StickyWheel_1_2,                   1708,   740,    88,     95,     0,      -1,     0.4,    0.4
Part_StickyWheel_2_0,                   1980,   528,    90,     90,     2,      1,      0.5,    0.5
Part_StickyWheel_2_1,                   2236,   855,    67,     69,     1,      2,      0.5,    0.5
Part_StickyWheel_2_2,                   338,    1244,   19,     19,     3,      0,      0.5,    0.5
Part_StickyWheel_2_3,                   2236,   855,    67,     69,     1,      -16,    0.4,    0.4
Part_StickyWheel_2_4,                   1980,   528,    90,     90,     2,      1,      0.4,    0.4
Part_StickyWheel_3_0,                   2343,   234,    63,     68,     1,      -16,    0.5,    0.5
Part_StickyWheel_3_1,                   1618,   740,    88,     95,     0,      -11,    0.5,    0.5
Part_StickyWheel_3_2,                   2049,   203,    34,     34,     4,      -16,    0.5,    0.5
Part_StickyWheel_3_3,                   2343,   234,    63,     68,     1,      -14,    0.4,    0.4
Part_StickyWheel_3_4,                   1618,   740,    88,     95,     0,      9,      0.4,    0.4
Part_StickyWheel_3_5,                   2049,   203,    34,     34,     4,      4,      0.4,    0.4
Part_GrapplingHook_0_0,                 820,    2002,   64,     45,     -15,    -9,     0.4,    0.4
Part_GrapplingHook_0_1,                 2477,   1590,   69,     52,     -9,     -9,     0.4,    0.4
Part_GrapplingHook_0_2,                 2267,   1021,   63,     69,     -10,    10,     0.4,    0.4
Part_GrapplingHook_0_3,                 2477,   1590,   69,     52,     1,      1,      0.4,    0.4
Part_GrapplingHook_0_4,                 2267,   1021,   63,     69,     0,      20,     0.4,    0.4
Part_GrapplingHook_0_5,                 2313,   1928,   14,     77,     0,      0,      0.4,    0.4
Part_GrapplingHook_0_6,                 820,    2002,   64,     45,     -17,    1,      0.4,    0.4
Part_GrapplingHook_1_0,                 934,    2002,   63,     44,     -15,    -17,    0.4,    0.4
Part_GrapplingHook_1_1,                 2202,   1022,   63,     70,     -19,    -14,    0.4,    0.4
Part_GrapplingHook_1_2,                 2499,   1044,   78,     63,     -16,    -16,    0.4,    0.4
Part_GrapplingHook_1_3,                 2499,   1044,   78,     63,     -7,     -1,     0.4,    0.4
Part_GrapplingHook_1_4,                 2202,   1022,   63,     70,     1,      20,     0.4,    0.4
Part_GrapplingHook_1_5,                 934,    2002,   63,     44,     -7,     -2,     0.4,    0.4
Part_GrapplingHook_2_0,                 650,    1084,   88,     43,     -18,    -13,    0.4,    0.4
Part_GrapplingHook_2_1,                 2303,   428,    63,     70,     -15,    -6,     0.4,    0.4
Part_GrapplingHook_2_2,                 2893,   773,    69,     52,     -15,    -10,    0.4,    0.4
Part_GrapplingHook_2_3,                 2893,   773,    69,     52,     0,      0,      0.4,    0.4
Part_GrapplingHook_2_4,                 2303,   428,    63,     70,     0,      21,     0.4,    0.4
Part_GrapplingHook_2_5,                 650,    1084,   88,     43,     -15,    -3,     0.4,    0.4
Part_GrapplingHook_3_0,                 851,    203,    65,     45,     -24,    -6,     0.4,    0.4
Part_GrapplingHook_3_1,                 2672,   1172,   65,     56,     -22,    -10,    0.4,    0.4
Part_GrapplingHook_3_2,                 2303,   428,    63,     70,     -20,    -6,     0.4,    0.4
Part_GrapplingHook_3_3,                 2672,   1172,   65,     56,     -2,     0,      0.4,    0.4
Part_GrapplingHook_3_4,                 851,    203,    65,     45,     -16,    4,      0.4,    0.4
Part_GrapplingHook_4_0,                 753,    2002,   65,     45,     -16,    -7,     0.4,    0.4
Part_GrapplingHook_4_1,                 2812,   899,    73,     54,     -18,    -9,     0.4,    0.4
Part_GrapplingHook_4_2,                 2293,   926,    59,     69,     -14,    -12,    0.4,    0.4
Part_GrapplingHook_4_3,                 2812,   899,    73,     54,     -3,     1,      0.4,    0.4
Part_GrapplingHook_4_4,                 2293,   926,    59,     69,     1,      22,     0.4,    0.4
Part_GrapplingHook_4_5,                 753,    2002,   65,     45,     -13,    3,      0.4,    0.4
Part_GrapplingHook_5_0,                 2325,   1493,   106,    58,     -9,     -10,    0.4,    0.4
Part_GrapplingHook_5_1,                 2305,   855,    57,     69,     -10,    -10,    0.4,    0.4
Part_GrapplingHook_5_2,                 2325,   1493,   106,    58,     1,      0,      0.4,    0.4
Part_GrapplingHook_5_3,                 2305,   855,    57,     69,     0,      20,     0.4,    0.4
Part_GrapplingHook_5_4,                 413,    1525,   125,    36,     -11,    0,      0.4,    0.4
Part_GrapplingHook_8_0,                 851,    203,    65,     45,     -14,    -6,     0.4,    0.4
Part_Pumpkin_0_0,                       890,    566,    88,     75,     1,      -5,     0.4,    0.4
Part_Pumpkin_0_1,                       890,    566,    88,     75,     1,      3,      0.4,    0.4
Part_Pumpkin_1_0,                       1945,   1644,   140,    88,     -1,     -1,     0.25,   0.25
Part_Pumpkin_1_1,                       1945,   1644,   140,    88,     -1,     7,      0.25,   0.25
Part_Kicker_0_0,                        655,    975,    105,    106,    2,      0,      0.4,    0.4
Part_Kicker_0_1,                        1957,   1498,   53,     53,     2,      0,      0.4,    0.4
Part_Kicker_0_2,                        2012,   1498,   53,     53,     2,      0,      0.4,    0.4
Part_Kicker_0_3,                        2067,   1498,   53,     53,     2,      0,      0.4,    0.4
Part_Kicker_0_4,                        2739,   1142,   53,     53,     2,      0,      0.4,    0.4
Part_Kicker_1_0,                        688,    866,    105,    106,    0,      1,      0.4,    0.4
Part_Kicker_1_1,                        2159,   1732,   89,     87,     2,      4,      0.4,    0.4
Part_Kicker_1_2,                        2054,   1855,   89,     87,     1,      3,      0.4,    0.4
Part_Kicker_1_3,                        2087,   1643,   89,     87,     0,      3,      0.4,    0.4
Part_Kicker_1_4,                        2068,   1734,   89,     87,     2,      3,      0.4,    0.4
Part_Kicker_2_0,                        660,    1414,   106,    105,    0,      0,      0.4,    0.4
Part_Kicker_2_1,                        2548,   1577,   63,     52,     2,      -2,     0.4,    0.4
Part_Kicker_2_2,                        2536,   1698,   63,     52,     0,      -2,     0.4,    0.4
Part_Kicker_2_3,                        2477,   1644,   63,     52,     1,      0,      0.4,    0.4
Part_Kicker_2_4,                        2539,   1523,   63,     52,     0,      -2,     0.4,    0.4
Part_Kicker_3_0,                        747,    738,    105,    106,    4,      2,      0.4,    0.4
Part_Kicker_3_1,                        2854,   955,    47,     53,     0,      1,      0.4,    0.4
Part_Kicker_3_2,                        2887,   896,    47,     53,     1,      1,      0.4,    0.4
Part_Kicker_3_3,                        2786,   1079,   47,     53,     0,      1,      0.4,    0.4
Part_Kicker_3_4,                        2816,   1011,   47,     53,     1,      1,      0.4,    0.4
Part_Kicker_4_0,                        855,    458,    105,    106,    1,      0,      0.4,    0.4
Part_Kicker_4_1,                        2766,   1023,   48,     54,     0,      -1,     0.4,    0.4
Part_Kicker_4_2,                        2843,   773,    48,     54,     1,      0,      0.4,    0.4
Part_Kicker_4_3,                        2736,   1086,   48,     54,     1,      0,      0.4,    0.4
Part_Kicker_4_4,                        2841,   840,    48,     54,     0,      0,      0.4,    0.4
Part_Gearbox_0_0,                       1531,   548,    90,     91,     0,      0,      0.4,    0.4
Part_Gearbox_0_1,                       1439,   548,    90,     91,     0,      0,      0.4,    0.4
Part_Gearbox_1_0,                       1865,   1553,   100,    89,     -1,     4,      0.4,    0.4
Part_Gearbox_1_1,                       2077,   1123,   100,    89,     -2,     5,      0.4,    0.4
Part_Gearbox_2_0,                       1975,   1123,   100,    89,     1,      2,      0.4,    0.4
Part_Gearbox_2_1,                       2161,   1214,   100,    89,     -1,     3,      0.4,    0.4
Part_Gearbox_3_0,                       2165,   1407,   88,     88,     0,      2,      0.4,    0.4
Part_Gearbox_3_1,                       2045,   815,    88,     88,     0,      1,      0.4,    0.4
Part_Gearbox_4_0,                       2072,   528,    88,     89,     1,      5,      0.4,    0.4
Part_Gearbox_4_1,                       2139,   428,    88,     89,     1,      6,      0.4,    0.4
Part_Gearbox_5_0,                       1155,   1882,   98,     103,    0,      0,      0.4,    0.4
Part_Gearbox_5_1,                       471,    1263,   98,     108,    0,      1,      0.4,    0.4
Part_GoldenPig_0_0,                     141,    1,      266,    238,    0,      -3,     0.2,    0.2
Part_GoldenPig_0_1,                     141,    1,      266,    238,    0,      -3,     0.3984375,0.3958333
Part_GoldenPig_1_0,                     1,      498,    266,    238,    -1,     1,      0.2,    0.2
Part_GoldenPig_1_1,                     1,      498,    266,    238,    -1,     1,      0.3984375,0.3958333
Part_GoldenPig_2_0,                     1,      255,    266,    241,    2,      2,      0.2,    0.2
Part_GoldenPig_2_1,                     1,      255,    266,    241,    2,      2,      0.3984375,0.3958333
Part_GoldenPig_3_0,                     269,    251,    261,    206,    1,      2,      0.2,    0.2
Part_GoldenPig_3_1,                     269,    251,    261,    206,    1,      2,      0.3984375,0.3958333
Part_PointLight_0_0,                    381,    1563,   99,     110,    0,      1,      0.4,    0.4
Part_PointLight_0_1,                    381,    1563,   99,     110,    0,      1,      0.3,    0.3
Part_PointLight_0_2,                    61,     1806,   99,     117,    1,      -2,     0.3,    0.3
Part_PointLight_1_0,                    1754,   837,    99,     96,     -3,     2,      0.4,    0.4
Part_PointLight_1_1,                    1754,   837,    99,     96,     -3,     2,      0.3,    0.3
Part_PointLight_1_2,                    273,    1680,   99,     113,    0,      1,      0.3,    0.3
Part_PointLight_2_0,                    1060,   247,    74,     106,    1,      0,      0.4,    0.4
Part_PointLight_2_1,                    1060,   247,    74,     106,    1,      0,      0.3,    0.3
Part_PointLight_2_2,                    962,    458,    92,     106,    0,      3,      0.3,    0.3
Part_PointLight_3_0,                    1818,   542,    86,     97,     -2,     1,      0.4,    0.4
Part_PointLight_3_1,                    1818,   542,    86,     97,     -2,     1,      0.3,    0.3
Part_PointLight_3_2,                    1652,   937,    92,     97,     0,      1,      0.3,    0.3
Part_PointLight_4_0,                    1255,   1879,   83,     103,    1,      2,      0.4,    0.4
Part_PointLight_4_1,                    1255,   1879,   83,     103,    1,      2,      0.3,    0.3
Part_PointLight_4_2,                    1200,   1774,   92,     103,    1,      2,      0.3,    0.3
Part_SpotLight_0_0,                     1828,   1962,   70,     85,     0,      -1,     0.4,    0.4
Part_SpotLight_0_1,                     2585,   782,    69,     61,     -6,     3,      0.4,    0.4
Part_SpotLight_0_2,                     1718,   1962,   108,    85,     0,      -1,     0.6,    0.6
Part_SpotLight_0_3,                     2229,   949,    62,     70,     0,      18,     0.4,    0.4
Part_SpotLight_1_0,                     2557,   978,    65,     63,     -1,     -13,    0.4,    0.4
Part_SpotLight_1_1,                     2202,   1022,   63,     70,     1,      -14,    0.4,    0.4
Part_SpotLight_1_2,                     2557,   978,    65,     63,     -6,     2,      0.4,    0.4
Part_SpotLight_1_3,                     2202,   1022,   63,     70,     1,      19,     0.4,    0.4
Part_SpotLight_2_0,                     2602,   1237,   68,     57,     0,      -5,     0.4,    0.4
Part_SpotLight_2_1,                     2303,   428,    63,     70,     0,      -16,    0.4,    0.4
Part_SpotLight_2_2,                     2602,   1237,   68,     57,     0,      1,      0.4,    0.4
Part_SpotLight_2_3,                     2303,   428,    63,     70,     0,      22,     0.4,    0.4
Part_SpotLight_3_0,                     2407,   304,    71,     67,     3,      -14,    0.4,    0.4
Part_SpotLight_3_1,                     2293,   926,    59,     69,     1,      -22,    0.4,    0.4
Part_SpotLight_3_2,                     2407,   304,    71,     67,     -2,     6,      0.4,    0.4
Part_SpotLight_3_3,                     2293,   926,    59,     69,     1,      16,     0.4,    0.4
OffRoadWheel_IconSprite,                494,    459,    125,    126,    0,      0,      0.4,    0.4
OffRoadWheel_WheelSprite,               532,    251,    125,    125,    0,      0,      0.4,    0.4
OffRoadWheel_SpokeSprite,               2332,   997,    66,     66,     0,      0,      0.4,    0.4
OffRoadWheel_SupportSprite,             2431,   1406,   66,     65,     0,      0,      0.4,    0.4
HingePlate_IconSprite,                  1209,   1516,   100,    40,     0,      0,      0.2,    0.25
HingePlate_Sprite,                      1209,   1516,   100,    40,     0,      0,      0.2,    0.25
TrackPlate_IconSprite,                  1271,   344,    100,    100,    0,      0,      0.2,    0.2
TrackPlate_Sprite,                      1271,   344,    100,    100,    0,      0,      0.2,    0.2
HingePlateSilver_IconSprite,            1107,   1516,   100,    40,     0,      0,      0.2,    0.25
HingePlateSilver_Sprite,                1107,   1516,   100,    40,     0,      0,      0.2,    0.25
TrackPlateSilver_IconSprite,            1260,   451,    100,    100,    0,      0,      0.2,    0.2
TrackPlateSilver_Sprite,                1260,   451,    100,    100,    0,      0,      0.2,    0.2
WoodenBox_IconSprite,                   1067,   355,    100,    100,    0,      0,      0.4,    0.4
WoodenBox_Sprite,                       1067,   355,    100,    100,    0,      0,      0.4,    0.4
MetalBox_IconSprite,                    1332,   736,    100,    100,    0,      0,      0.4,    0.4
MetalBox_Sprite,                        1332,   736,    100,    100,    0,      0,      0.4,    0.4
ColoredFrame_IconSprite,                966,    1882,   103,    104,    0,      0,      0.4,    0.4
ColoredFrame_Sprite,                    966,    1882,   103,    104,    0,      0,      0.4,    0.4
BracketFrame_IconSprite,                942,    1561,   105,    105,    0,      0,      0.4,    0.4
BracketFrame_Sprite,                    942,    1561,   105,    105,    0,      0,      0.4,    0.4
AutoGun_IconSprite,                     2433,   1532,   104,    56,     0,      0,      0.4,    0.4
AutoGun_Sprite,                         2433,   1532,   104,    56,     0,      0,      0.4,    0.4
MultiPartGenerator1_IconSprite,         2601,   1698,   67,     50,     0,      0,      0.4,    0.4
MultiPartGenerator1_Sprite,             2601,   1698,   67,     50,     0,      0,      0.4,    0.4
MultiPartGenerator2_IconSprite,         2613,   1577,   67,     50,     0,      0,      0.4,    0.4
MultiPartGenerator2_Sprite,             2613,   1577,   67,     50,     0,      0,      0.4,    0.4
MultiPartGenerator3_IconSprite,         2607,   1631,   67,     50,     0,      0,      0.4,    0.4
MultiPartGenerator3_Sprite,             2607,   1631,   67,     50,     0,      0,      0.4,    0.4
BlasterTNT_IconSprite,                  1071,   1882,   82,     104,    0,      0,      0.4,    0.4
BlasterTNT_Sprite,                      1071,   1882,   82,     104,    0,      0,      0.4,    0.4
DecelerationPointLight_IconSprite,      992,    840,    81,     101,    0,      0,      0.4,    0.4
DecelerationPointLight_InactiveSprite,  992,    840,    81,     101,    0,      0,      0.3,    0.3
DecelerationPointLight_ActiveSprite,    908,    1125,   89,     101,    0,      0,      0.3,    0.3
AutoControlLight_IconSprite,            1045,   737,    81,     101,    0,      0,      0.4,    0.4
AutoControlLight_InactiveSprite,        1045,   737,    81,     101,    0,      0,      0.3,    0.3
AutoControlLight_ActiveSprite,          955,    737,    88,     101,    0,      0,      0.3,    0.3
AutoControlLight_Full_InactiveSprite,   1058,   943,    81,     101,    0,      0,      0.3,    0.3
AutoControlLight_Full_ActiveSprite,     902,    841,    88,     101,    0,      0,      0.3,    0.3
JetEngine_IconSprite,                   2320,   1723,   214,    74,     0,      0,      0.2,    0.2
JetEngine_Sprite,                       2320,   1723,   214,    74,     0,      0,      0.4,    0.4
JetEngine2_IconSprite,                  2333,   1849,   214,    74,     0,      0,      0.2,    0.2
JetEngine2_Sprite,                      2333,   1849,   214,    74,     0,      0,      0.4,    0.4
JetEngine_Flame_Sprite,                 409,    1,      2000,   200,    0,      0,      0.4,    0.4
FuelTube_IconSprite_1,                  934,    1669,   105,    105,    0,      0,      0.4,    0.4
FuelTube_IconSprite_2,                  879,    1232,   105,    105,    0,      0,      0.4,    0.4
FuelTube_IconSprite_3,                  801,    1125,   105,    105,    0,      0,      0.42,   0.42
FuelTube_Sprite_1,                      934,    1669,   105,    105,    0,      0,      0.42,   0.42
FuelTube_Sprite_2,                      875,    1414,   105,    105,    0,      0,      0.42,   0.42
FuelTube_Sprite_3,                      835,    1562,   105,    105,    0,      0,      0.42,   0.42
FuelTube_Sprite_4,                      879,    1232,   105,    105,    0,      0,      0.42,   0.42
FuelTube_Sprite_5,                      801,    1125,   105,    105,    0,      0,      0.42,   0.42
FuelBox_IconSprite,                     964,    358,    101,    98,     0,      0,      0.4,    0.4
FuelBox_Sprite,                         1549,   939,    101,    98,     0,      0,      0.4,    0.4
FuelBox_FuelSprite,                     2670,   1683,   50,     50,     0,      0,      0.4,    0.4
FuelBox_BackgroundSprite,               1959,   632,    90,     90,     0,      0,      0.4,    0.4
Wire1_IconSprite,                       1442,   242,    100,    100,    0,      0,      0.4,    0.4
Wire1_Sprite_1,                         1340,   242,    100,    100,    0,      0,      0.4,    0.4
Wire1_Sprite_2,                         1109,   1414,   100,    100,    0,      0,      0.4,    0.4
Wire1_Sprite_3,                         1203,   1125,   100,    100,    0,      0,      0.4,    0.4
Wire1_Sprite_4,                         1442,   242,    100,    100,    0,      0,      0.4,    0.4
Wire2_IconSprite,                       1464,   446,    100,    100,    0,      0,      0.4,    0.4
Wire2_Sprite_1,                         1211,   1413,   100,    100,    0,      0,      0.4,    0.4
Wire2_Sprite_2,                         1763,   1553,   100,    100,    0,      0,      0.4,    0.4
Wire3_IconSprite,                       1355,   1557,   100,    100,    0,      0,      0.4,    0.4
Wire3_Sprite_1,                         1362,   446,    100,    100,    0,      0,      0.4,    0.4
Wire3_Sprite_2,                         1231,   1660,   100,    100,    0,      0,      0.4,    0.4
Wire3_Sprite_3,                         1345,   941,    100,    100,    0,      0,      0.4,    0.4
Wire3_Sprite_4,                         1355,   1557,   100,    100,    0,      0,      0.4,    0.4
Wire4_IconSprite,                       1661,   1553,   100,    100,    0,      0,      0.4,    0.4
Wire4_Sprite_1,                         1230,   737,    100,    100,    0,      0,      0.4,    0.4
Wire4_Sprite_2,                         1496,   1227,   100,    100,    0,      0,      0.4,    0.4
Switch_IconSprite,                      1381,   838,    100,    100,    0,      0,      0.4,    0.4
Switch_InactiveSprite,                  1381,   838,    100,    100,    0,      0,      0.4,    0.4
Switch_ActiveSprite,                    1158,   457,    100,    100,    0,      0,      0.4,    0.4
Switch2_IconSprite,                     1566,   446,    100,    100,    0,      0,      0.4,    0.4
Switch2_Sprite,                         1566,   446,    100,    100,    0,      0,      0.4,    0.4
Resistor1_IconSprite,                   1435,   1659,   100,    100,    0,      0,      0.4,    0.4
Resistor1_Sprite,                       1435,   1659,   100,    100,    0,      0,      0.4,    0.4
Resistor2_IconSprite,                   1136,   247,    100,    100,    0,      0,      0.4,    0.4
Resistor2_Sprite,                       1136,   247,    100,    100,    0,      0,      0.4,    0.4
Resistor3_IconSprite,                   1007,   1414,   100,    100,    0,      0,      0.4,    0.4
Resistor3_Sprite,                       1007,   1414,   100,    100,    0,      0,      0.4,    0.4
Resistor4_IconSprite,                   1294,   1762,   100,    100,    0,      0,      0.4,    0.4
Resistor4_Sprite,                       1294,   1762,   100,    100,    0,      0,      0.4,    0.4
Resistor5_IconSprite,                   1279,   839,    100,    100,    0,      0,      0.4,    0.4
Resistor5_Sprite,                       1279,   839,    100,    100,    0,      0,      0.4,    0.4
Resistor6_IconSprite,                   1748,   1860,   100,    100,    0,      0,      0.4,    0.4
Resistor6_Sprite,                       1748,   1860,   100,    100,    0,      0,      0.4,    0.4
PowerSource1_IconSprite,                1340,   1864,   100,    100,    0,      0,      0.4,    0.4
PowerSource1_Sprite,                    1340,   1864,   100,    100,    0,      0,      0.4,    0.4
PowerSource2_IconSprite,                1600,   1758,   100,    100,    0,      0,      0.4,    0.4
PowerSource2_Sprite,                    1600,   1758,   100,    100,    0,      0,      0.4,    0.4
PowerSource3_IconSprite,                1498,   1761,   100,    100,    0,      0,      0.4,    0.4
PowerSource3_Sprite,                    1498,   1761,   100,    100,    0,      0,      0.4,    0.4
Capacitor1_IconSprite,                  1396,   1762,   100,    100,    0,      0,      0.4,    0.4
Capacitor1_Sprite,                      1396,   1762,   100,    100,    0,      0,      0.4,    0.4
Capacitor2_IconSprite,                  1407,   1043,   100,    100,    0,      0,      0.4,    0.4
Capacitor2_Sprite,                      1407,   1043,   100,    100,    0,      0,      0.4,    0.4
Capacitor3_IconSprite,                  1434,   642,    100,    100,    0,      0,      0.4,    0.4
Capacitor3_Sprite,                      1434,   642,    100,    100,    0,      0,      0.4,    0.4
Voltmeter_IconSprite,                   1598,   1226,   100,    100,    0,      0,      0.4,    0.4
Voltmeter_BaseSprite,                   1238,   242,    100,    100,    0,      0,      0.4,    0.4
Voltmeter_SymbolSprite,                 1804,   1757,   100,    100,    0,      0,      0.4,    0.4
Ammeter_IconSprite,                     1544,   1863,   100,    100,    0,      0,      0.4,    0.4
Ammeter_BaseSprite,                     1238,   242,    100,    100,    0,      0,      0.4,    0.4
Ammeter_SymbolSprite,                   1088,   1227,   100,    100,    0,      0,      0.4,    0.4
Ground_IconSprite,                      1151,   1558,   100,    100,    0,      0,      0.4,    0.4
Ground_Sprite,                          1151,   1558,   100,    100,    0,      0,      0.4,    0.4
Vcc_IconSprite,                         1559,   1554,   100,    100,    0,      0,      0.4,    0.4
Vcc_InactiveSprite,                     1049,   1559,   100,    100,    0,      0,      0.4,    0.4
Vcc_ActiveSprite,                       1559,   1554,   100,    100,    0,      0,      0.4,    0.4
IntegratedCircuit1_IconSprite,          1313,   1413,   100,    100,    0,      0,      0.4,    0.4
IntegratedCircuit1_Sprite,              1313,   1413,   100,    100,    0,      0,      0.4,    0.4
IntegratedCircuit2_IconSprite,          1721,   1410,   100,    100,    0,      0,      0.4,    0.4
IntegratedCircuit2_Sprite,              1721,   1410,   100,    100,    0,      0,      0.4,    0.4
IntegratedCircuit3_IconSprite,          1447,   940,    100,    100,    0,      0,      0.4,    0.4
IntegratedCircuit3_Sprite,              1447,   940,    100,    100,    0,      0,      0.4,    0.4
IntegratedCircuit4_IconSprite,          1646,   242,    100,    100,    0,      0,      0.4,    0.4
IntegratedCircuit4_Sprite,              1646,   242,    100,    100,    0,      0,      0.4,    0.4
IntegratedCircuit5_IconSprite,          1952,   1859,   100,    100,    0,      0,      0.4,    0.4
IntegratedCircuit5_Sprite,              1952,   1859,   100,    100,    0,      0,      0.4,    0.4
IntegratedCircuit6_IconSprite,          1509,   1042,   100,    100,    0,      0,      0.4,    0.4
IntegratedCircuit6_Sprite,              1509,   1042,   100,    100,    0,      0,      0.4,    0.4
IntegratedCircuit7_IconSprite,          1850,   1859,   100,    100,    0,      0,      0.4,    0.4
IntegratedCircuit7_Sprite,              1850,   1859,   100,    100,    0,      0,      0.4,    0.4
IntegratedCircuit8_IconSprite,          1373,   344,    100,    100,    0,      0,      0.4,    0.4
IntegratedCircuit8_Sprite,              1373,   344,    100,    100,    0,      0,      0.4,    0.4
IntegratedCircuit9_IconSprite,          1639,   1656,   100,    100,    0,      0,      0.4,    0.4
IntegratedCircuit9_Sprite,              1639,   1656,   100,    100,    0,      0,      0.4,    0.4
IntegratedCircuit10_IconSprite,         1619,   1412,   100,    100,    0,      0,      0.4,    0.4
IntegratedCircuit10_Sprite,             1619,   1412,   100,    100,    0,      0,      0.4,    0.4
IntegratedCircuit11_IconSprite,         1544,   242,    100,    100,    0,      0,      0.4,    0.4
IntegratedCircuit11_Sprite,             1544,   242,    100,    100,    0,      0,      0.4,    0.4
IntegratedCircuit12_IconSprite,         1475,   344,    100,    100,    0,      0,      0.4,    0.4
IntegratedCircuit12_Sprite,             1475,   344,    100,    100,    0,      0,      0.4,    0.4
IntegratedCircuit13_IconSprite,         1906,   1757,   100,    100,    0,      0,      0.4,    0.4
IntegratedCircuit13_Sprite,             1906,   1757,   100,    100,    0,      0,      0.4,    0.4
IntegratedCircuit14_IconSprite,         1394,   1227,   100,    100,    0,      0,      0.4,    0.4
IntegratedCircuit14_Sprite,             1394,   1227,   100,    100,    0,      0,      0.4,    0.4
IntegratedCircuit15_IconSprite,         1141,   942,    100,    100,    0,      0,      0.4,    0.4
IntegratedCircuit15_Sprite,             1141,   942,    100,    100,    0,      0,      0.4,    0.4
IntegratedCircuit16_IconSprite,         1457,   1554,   100,    100,    0,      0,      0.4,    0.4
IntegratedCircuit16_Sprite,             1457,   1554,   100,    100,    0,      0,      0.4,    0.4
Interface1_IconSprite,                  1177,   839,    100,    100,    0,      0,      0.4,    0.4
Interface1_Sprite,                      1177,   839,    100,    100,    0,      0,      0.4,    0.4
Interface2_IconSprite,                  1056,   458,    100,    100,    0,      0,      0.4,    0.4
Interface2_Sprite,                      1056,   458,    100,    100,    0,      0,      0.4,    0.4
PowerTransmitter1_IconSprite,           1292,   1227,   100,    100,    0,      0,      0.4,    0.4
PowerTransmitter1_Sprite,               1292,   1227,   100,    100,    0,      0,      0.4,    0.4
PowerTransmitter2_IconSprite,           1415,   1412,   100,    100,    0,      0,      0.4,    0.4
PowerTransmitter2_Sprite,               1415,   1412,   100,    100,    0,      0,      0.4,    0.4
PointCharge_IconSprite,                 1333,   1660,   100,    100,    0,      0,      0.4,    0.4
PointCharge1_Sprite,                    1333,   1660,   100,    100,    0,      0,      0.4,    0.4
PointCharge2_Sprite,                    1537,   1656,   100,    100,    0,      0,      0.4,    0.4
ElectricFieldGenerator_IconSprite,      1442,   1864,   100,    100,    0,      0,      0.4,    0.4
ElectricFieldGenerator_Sprite,          1442,   1864,   100,    100,    0,      0,      0.4,    0.4
MagneticFieldGenerator_IconSprite,      1702,   1758,   100,    100,    0,      0,      0.4,    0.4
MagneticFieldGenerator_Sprite,          1702,   1758,   100,    100,    0,      0,      0.4,    0.4
PartTrigger_IconSprite,                 1843,   1655,   100,    100,    0,      0,      0.4,    0.4
PartTrigger_Sprite,                     1843,   1655,   100,    100,    0,      0,      0.4,    0.4
PartTrigger2_IconSprite,                1253,   1558,   100,    100,    0,      0,      0.4,    0.4
PartTrigger2_Sprite,                    1253,   1558,   100,    100,    0,      0,      0.4,    0.4
PressureSensor_IconSprite,              1305,   1125,   100,    100,    0,      0,      0.4,    0.4
PressureSensor_Sprite,                  1305,   1125,   100,    100,    0,      0,      0.4,    0.4
DigitalDisplay_IconSprite,              986,    1228,   100,    100,    0,      0,      0.4,    0.4
DigitalDisplay_Sprite,                  1577,   344,    100,    100,    0,      0,      0.4,    0.4
Interface3_Sprite,                      1741,   1655,   100,    100,    0,      0,      0.4,    0.4
Interface4_Sprite,                      1128,   737,    100,    100,    0,      0,      0.4,    0.4
Interface5_Sprite,                      1243,   941,    100,    100,    0,      0,      0.4,    0.4
Interface6_Sprite,                      1169,   349,    100,    100,    0,      0,      0.4,    0.4
MechanicalGate1_IconSprite,             1517,   1412,   100,    100,    0,      0,      0.4,    0.4
MechanicalGate1_Sprite,                 1517,   1412,   100,    100,    0,      0,      0.4,    0.4
MechanicalGate2_IconSprite,             999,    1125,   100,    100,    0,      0,      0.4,    0.4
MechanicalGate2_Sprite,                 999,    1125,   100,    100,    0,      0,      0.4,    0.4
MechanicalGate3_IconSprite,             1190,   1227,   100,    100,    0,      0,      0.4,    0.4
MechanicalGate3_Sprite,                 1190,   1227,   100,    100,    0,      0,      0.4,    0.4
MechanicalGate4_IconSprite,             1075,   840,    100,    100,    0,      0,      0.4,    0.4
MechanicalGate4_Sprite,                 1075,   840,    100,    100,    0,      0,      0.4,    0.4
MechanicalGate5_IconSprite,             1101,   1125,   100,    100,    0,      0,      0.4,    0.4
MechanicalGate5_Sprite,                 1101,   1125,   100,    100,    0,      0,      0.4,    0.4
MechanicalGate_GateSprite,              2835,   1066,   100,    50,     0,      0,      0.4,    0.4
Save_Button_Sprite,                     659,    251,    120,    121,    0,      0,      1,      1
